     0/199      2.6G   0.05065    0.0627  0.006229    0.1196       384       640    0.8435    0.7022    0.7684    0.4158   0.06707    0.1538   0.03287
     1/199     8.07G   0.03904   0.06948  0.002106    0.1106       371       640    0.8571    0.7254    0.7916    0.4643   0.05733    0.1889   0.03796
     2/199     14.2G    0.0359   0.06947  0.001388    0.1068       333       640    0.8463    0.7282    0.7916    0.4644   0.05723    0.1967   0.04625
     3/199     14.3G   0.03476   0.06959  0.001086    0.1054       387       640    0.8485    0.7347    0.7972    0.4729    0.0562     0.204   0.05183
     4/199     14.3G   0.03383   0.06988 0.0009639    0.1047       807       640    0.8559      0.74    0.8062    0.4871   0.05481    0.2058   0.05549
     5/199     14.3G   0.03321   0.06893 0.0008958     0.103       698       640     0.859     0.744    0.8102    0.4897   0.05488    0.2063   0.05682
     6/199     14.3G   0.03277   0.06963 0.0008475    0.1032       827       640    0.8546    0.7525    0.8135    0.4943   0.05472    0.2086   0.05784
     7/199     14.3G   0.03252   0.06792 0.0008203    0.1013       335       640    0.8597    0.7487    0.8148    0.4981   0.05418    0.2105   0.05841
     8/199     14.3G   0.03217   0.06797 0.0008043    0.1009       773       640    0.8573    0.7562    0.8173    0.5002   0.05423    0.2125   0.05945
     9/199     14.3G   0.03208   0.06736 0.0007989    0.1002       589       640    0.8687    0.7488    0.8182    0.5012    0.0543    0.2113   0.06012
    10/199     14.3G   0.03193   0.06819 0.0007844    0.1009       630       640    0.8631     0.755    0.8205    0.5069   0.05368    0.2138    0.0602
    11/199     14.3G   0.03186   0.06823  0.000771    0.1009       685       640    0.8673    0.7547    0.8223    0.5111   0.05356     0.215   0.06105
    12/199     14.3G    0.0317   0.06827 0.0007602    0.1007       559       640    0.8658    0.7577     0.823    0.5117   0.05359    0.2154   0.06127
    13/199     14.3G   0.03153     0.067  0.000762    0.0993       730       640     0.865    0.7584    0.8232    0.5121   0.05328    0.2179   0.06158
    14/199     14.3G    0.0315   0.06802 0.0007419    0.1003       837       640    0.8696    0.7574    0.8256    0.5163   0.05325     0.217    0.0625
    15/199     14.3G   0.03131   0.06774 0.0007348   0.09978       663       640    0.8624    0.7649    0.8263    0.5164   0.05316    0.2169   0.06322
    16/199     14.3G    0.0313   0.06738 0.0007257   0.09941       376       640    0.8617    0.7655    0.8263    0.5172   0.05326    0.2159   0.06287
    17/199     14.3G   0.03126   0.06751 0.0007248    0.0995       307       640    0.8645     0.766     0.828    0.5206    0.0532    0.2161   0.06292
    18/199     14.3G   0.03111   0.06706 0.0007228    0.0989       417       640    0.8676     0.763    0.8286     0.521   0.05289    0.2181    0.0628
    19/199     14.3G   0.03109   0.06695 0.0007147   0.09876       346       640    0.8689    0.7659    0.8308    0.5228   0.05287    0.2197   0.06367
    20/199     14.3G   0.03101   0.06751  0.000704   0.09922       511       640    0.8696    0.7672    0.8309    0.5241   0.05272    0.2178   0.06345
    21/199     14.3G   0.03087   0.06649 0.0006988   0.09805      1201       640    0.8682    0.7678    0.8315    0.5248   0.05256    0.2184   0.06359
    22/199     14.3G   0.03084   0.06711 0.0006976   0.09865       480       640    0.8631    0.7727    0.8323    0.5272   0.05255    0.2204   0.06428
    23/199     14.3G   0.03096   0.06641 0.0006946   0.09806       845       640    0.8668     0.769    0.8323    0.5267   0.05279    0.2177   0.06389
    24/199     14.3G   0.03088   0.06637 0.0006924   0.09795       425       640    0.8735    0.7675    0.8339    0.5281    0.0526    0.2207    0.0646
    25/199     14.3G   0.03083    0.0667 0.0006925   0.09822       888       640    0.8658    0.7726    0.8336    0.5286    0.0527    0.2194   0.06435
    26/199     14.3G   0.03084   0.06642 0.0006888   0.09795       877       640    0.8712    0.7691    0.8338    0.5299   0.05232    0.2224   0.06476
    27/199     14.3G   0.03068   0.06633 0.0006805   0.09769      1015       640     0.873    0.7691    0.8346    0.5314   0.05245    0.2195   0.06463
    28/199     14.3G   0.03056   0.06601 0.0006763   0.09725       972       640    0.8654    0.7771    0.8355    0.5327    0.0525    0.2207   0.06456
    29/199     14.3G   0.03059   0.06577 0.0006788   0.09704      1179       640    0.8704    0.7719    0.8354    0.5336   0.05237    0.2186   0.06497
    30/199     14.3G   0.03048   0.06621  0.000674   0.09736       728       640    0.8711    0.7726     0.836     0.534   0.05223    0.2213   0.06528
    31/199     14.3G   0.03047   0.06592 0.0006741   0.09707       614       640    0.8703    0.7735    0.8368    0.5359   0.05224    0.2213   0.06508
    32/199     14.3G   0.03038   0.06578 0.0006752   0.09683       223       640    0.8702    0.7748    0.8379    0.5362   0.05216    0.2219    0.0652
    33/199     14.3G   0.03054   0.06653 0.0006726   0.09774       511       640    0.8685    0.7778    0.8385    0.5372   0.05221    0.2207   0.06537
    34/199     14.3G   0.03043   0.06601 0.0006765   0.09712       730       640    0.8728    0.7731    0.8376    0.5368   0.05215    0.2217   0.06545
    35/199     14.3G   0.03048   0.06659 0.0006695   0.09774       486       640    0.8718    0.7757    0.8387    0.5381   0.05216    0.2208   0.06538
    36/199     14.3G   0.03031   0.06585 0.0006683   0.09682       779       640    0.8748    0.7743    0.8391    0.5386   0.05198    0.2223   0.06552
    37/199     14.3G   0.03031   0.06586 0.0006713   0.09684      1254       640    0.8685    0.7798    0.8392    0.5391   0.05198    0.2221    0.0657
    38/199     14.3G   0.03043   0.06611 0.0006779   0.09721       719       640    0.8729    0.7752    0.8389    0.5396   0.05184    0.2226   0.06567
    39/199     14.3G   0.03027   0.06652 0.0006586   0.09745       813       640    0.8696    0.7789    0.8394      0.54   0.05194     0.223   0.06559
    40/199     14.3G   0.03026    0.0661 0.0006613   0.09702       384       640    0.8694    0.7801    0.8398    0.5411   0.05197    0.2212   0.06566
    41/199     14.3G   0.03014   0.06599 0.0006517   0.09678       544       640    0.8711    0.7777      0.84    0.5417   0.05198    0.2218   0.06581
    42/199     14.3G   0.03024   0.06679 0.0006534   0.09768       479       640    0.8702    0.7796    0.8404    0.5423   0.05184     0.223   0.06602
    43/199     14.3G   0.03022   0.06651 0.0006615   0.09739       550       640    0.8669    0.7828     0.841    0.5434   0.05192    0.2217   0.06603
    44/199     14.3G   0.03021   0.06538 0.0006568   0.09624       502       640    0.8678     0.782    0.8409    0.5435   0.05186    0.2228   0.06613
    45/199     14.3G   0.03015    0.0657 0.0006509    0.0965       467       640    0.8774    0.7757    0.8419    0.5443   0.05185    0.2234    0.0662
    46/199     14.3G    0.0302   0.06564 0.0006532   0.09649       751       640    0.8678    0.7828    0.8419    0.5443   0.05185    0.2224   0.06636
    47/199     14.3G   0.03012   0.06551 0.0006586   0.09629       495       640    0.8712     0.781    0.8425    0.5452   0.05183    0.2221   0.06642
    48/199     14.3G   0.03008   0.06617 0.0006565    0.0969       698       640    0.8686    0.7834    0.8424    0.5456   0.05174    0.2226    0.0664
    49/199     14.3G   0.02999   0.06564 0.0006477   0.09628      1150       640    0.8678    0.7847     0.843    0.5462   0.05165    0.2233   0.06642
    50/199     14.3G   0.03005   0.06569 0.0006519   0.09639       556       640    0.8674    0.7848    0.8428    0.5466   0.05163    0.2235   0.06649
    51/199     14.3G   0.03004   0.06597 0.0006562   0.09666       231       640    0.8721    0.7806    0.8428    0.5469    0.0516    0.2234   0.06663
    52/199     14.3G   0.02996   0.06541 0.0006488   0.09601       341       640     0.869    0.7839    0.8429    0.5473   0.05155    0.2237    0.0667
    53/199     14.3G   0.03006    0.0656  0.000655   0.09632       590       640    0.8721    0.7817    0.8432    0.5475   0.05157    0.2237   0.06681
    54/199     14.3G   0.02999   0.06569 0.0006484   0.09633       759       640    0.8738    0.7807    0.8433    0.5476   0.05159    0.2236   0.06693
    55/199     14.3G   0.02999   0.06611 0.0006504   0.09675       389       640    0.8717    0.7823    0.8431    0.5481   0.05157    0.2238   0.06704
    56/199     14.3G   0.02999    0.0657 0.0006497   0.09634       329       640    0.8764    0.7783    0.8433    0.5482   0.05153    0.2241   0.06717
    57/199     14.3G   0.02987   0.06545 0.0006399   0.09596       803       640     0.868    0.7853    0.8436    0.5484   0.05152    0.2242   0.06725
    58/199     14.3G      0.03   0.06552 0.0006516   0.09617       353       640    0.8686    0.7856    0.8436    0.5484   0.05151    0.2245   0.06731
    59/199     14.3G   0.02989   0.06538 0.0006406   0.09592       256       640    0.8723    0.7829    0.8439    0.5487   0.05149    0.2249   0.06737
    60/199     14.3G   0.02983   0.06548 0.0006412   0.09595      1181       640    0.8728    0.7826     0.844    0.5489   0.05146    0.2249   0.06743
    61/199     14.3G   0.02989   0.06558 0.0006432   0.09611       401       640    0.8697     0.785    0.8441    0.5493   0.05143    0.2251    0.0675
    62/199     14.3G   0.02978   0.06558 0.0006448   0.09601       648       640    0.8708     0.784    0.8442    0.5494   0.05144    0.2251   0.06754
    63/199     14.3G   0.02964   0.06512  0.000634   0.09539       341       640    0.8698    0.7852    0.8444    0.5497   0.05142    0.2252   0.06757
    64/199     14.3G   0.02975   0.06519 0.0006333   0.09558       883       640    0.8748     0.781    0.8443    0.5499   0.05142    0.2251   0.06763
    65/199     14.3G   0.02963   0.06534 0.0006314    0.0956       271       640     0.876    0.7802    0.8445    0.5502   0.05141    0.2251   0.06767
    66/199     14.3G   0.02967   0.06499 0.0006371    0.0953       554       640    0.8711    0.7843    0.8445    0.5503    0.0514     0.225   0.06771
    67/199     14.3G   0.02964   0.06521 0.0006333   0.09549       501       640    0.8692    0.7858    0.8448    0.5507   0.05137    0.2252   0.06776
    68/199     14.3G   0.02964   0.06589 0.0006304   0.09616       248       640     0.871    0.7843    0.8447    0.5508   0.05137    0.2254   0.06781
    69/199     14.3G   0.02957   0.06543 0.0006396   0.09564      1175       640    0.8706    0.7844    0.8446    0.5511   0.05136    0.2253   0.06783
    70/199     14.3G   0.02969   0.06538 0.0006343    0.0957       349       640    0.8718    0.7835    0.8447    0.5513   0.05137    0.2252   0.06786
    71/199     14.3G   0.02957   0.06468 0.0006348   0.09488       526       640    0.8689    0.7861    0.8448    0.5514   0.05138    0.2253   0.06791
    72/199     14.3G   0.02964   0.06563 0.0006362   0.09591       737       640    0.8684    0.7869    0.8449    0.5515   0.05138    0.2252   0.06795
    73/199     14.3G   0.02948   0.06449 0.0006195   0.09459       772       640     0.868    0.7874    0.8449    0.5519   0.05137    0.2253   0.06796
    74/199     14.3G   0.02961   0.06489 0.0006317   0.09514       539       640    0.8685    0.7873    0.8451     0.552   0.05137    0.2253     0.068
    75/199     14.3G   0.02952   0.06543 0.0006213   0.09557       348       640     0.869     0.787    0.8452    0.5522   0.05137    0.2254   0.06804
    76/199     14.3G   0.02946   0.06535 0.0006246   0.09544       924       640    0.8712    0.7851    0.8453    0.5523   0.05136    0.2254   0.06808
    77/199     14.3G   0.02947   0.06492 0.0006232   0.09502       510       640    0.8712    0.7852    0.8453    0.5525   0.05136    0.2254   0.06811
    78/199     14.3G   0.02945   0.06485 0.0006289   0.09493       634       640    0.8733    0.7836    0.8453    0.5526   0.05135    0.2254   0.06814
    79/199     14.3G   0.02948   0.06507 0.0006223   0.09517       823       640    0.8735    0.7833    0.8454    0.5527   0.05134    0.2254   0.06817
    80/199     14.3G   0.02939   0.06437 0.0006177   0.09437       826       640    0.8694    0.7867    0.8455    0.5529   0.05134    0.2254    0.0682
    81/199     14.3G   0.02942   0.06439 0.0006196   0.09443       424       640    0.8718     0.785    0.8456    0.5531   0.05133    0.2254   0.06824
    82/199     14.3G   0.02932   0.06494 0.0006204   0.09488       537       640    0.8702    0.7863    0.8457    0.5533   0.05132    0.2254   0.06828
    83/199     14.3G   0.02929   0.06451 0.0006215   0.09443       762       640    0.8694     0.787    0.8458    0.5534   0.05131    0.2255   0.06831
    84/199     14.3G   0.02927   0.06528  0.000618   0.09517       624       640    0.8721     0.785    0.8458    0.5535   0.05131    0.2255   0.06835
    85/199     14.3G   0.02924   0.06491  0.000613   0.09476       447       640     0.873    0.7845    0.8459    0.5536    0.0513    0.2256   0.06838
    86/199     14.3G    0.0292   0.06482 0.0006243   0.09465       407       640    0.8731    0.7845     0.846    0.5538    0.0513    0.2256   0.06842
    87/199     14.3G   0.02915   0.06414 0.0006155    0.0939       631       640    0.8689    0.7881    0.8461    0.5539   0.05129    0.2256   0.06845
    88/199     14.3G    0.0292   0.06354 0.0006181   0.09336       191       640    0.8702    0.7869    0.8461     0.554   0.05128    0.2256   0.06849
    89/199     14.3G   0.02926   0.06509 0.0006154   0.09496       460       640    0.8726     0.785     0.846    0.5541   0.05127    0.2256   0.06851
    90/199     14.3G   0.02918   0.06441 0.0006139   0.09421       900       640    0.8687    0.7884    0.8461    0.5542   0.05127    0.2256   0.06854
    91/199     14.3G   0.02918   0.06454 0.0006239   0.09434       609       640    0.8688    0.7885    0.8461    0.5543   0.05126    0.2257   0.06857
    92/199     14.3G   0.02907   0.06398 0.0006114   0.09365       415       640    0.8709    0.7866     0.846    0.5543   0.05126    0.2257    0.0686
    93/199     14.3G   0.02921   0.06456 0.0006062   0.09437       675       640      0.87    0.7873    0.8461    0.5544   0.05125    0.2258   0.06863
    94/199     14.3G   0.02928   0.06465 0.0006132   0.09454       540       640    0.8692     0.788    0.8462    0.5546   0.05125    0.2258   0.06866
    95/199     14.3G   0.02906   0.06423  0.000614    0.0939      1190       640    0.8693    0.7881    0.8463    0.5548   0.05124    0.2258    0.0687
    96/199     14.3G    0.0291   0.06439  0.000613    0.0941       577       640    0.8694    0.7881    0.8463    0.5549   0.05123    0.2258   0.06873
    97/199     14.3G   0.02906   0.06473 0.0006063    0.0944       490       640    0.8705    0.7873    0.8462    0.5548   0.05122    0.2259   0.06876
    98/199     14.3G   0.02907   0.06472 0.0006085    0.0944      1166       640    0.8677    0.7897    0.8463    0.5549   0.05121    0.2259    0.0688
    99/199     14.3G   0.02901    0.0645 0.0006072   0.09412       391       640    0.8707    0.7872    0.8463    0.5549   0.05121    0.2259   0.06883
   100/199     14.3G   0.02903   0.06482 0.0006067   0.09445       300       640    0.8682    0.7893    0.8463     0.555   0.05121    0.2259   0.06887
   101/199     14.3G   0.02889   0.06462 0.0006033   0.09411       388       640    0.8712     0.787    0.8464    0.5551    0.0512     0.226    0.0689
   102/199     14.3G   0.02893   0.06425 0.0006002   0.09379      1023       640    0.8695    0.7885    0.8465    0.5552   0.05119    0.2261   0.06894
   103/199     14.3G   0.02894    0.0649 0.0006018   0.09445       966       640    0.8688    0.7892    0.8465    0.5553   0.05118    0.2261   0.06897
   104/199     14.3G   0.02886   0.06353 0.0006003     0.093       646       640     0.875    0.7843    0.8466    0.5554   0.05118    0.2261   0.06901
   105/199     14.3G   0.02886   0.06458  0.000602   0.09405       586       640    0.8744    0.7848    0.8467    0.5554   0.05117    0.2262   0.06904
   106/199     14.3G   0.02883   0.06423 0.0005945   0.09366       377       640    0.8753    0.7843    0.8467    0.5555   0.05116    0.2263   0.06907
   107/199     14.3G   0.02884   0.06412 0.0006015   0.09355       607       640    0.8721    0.7869    0.8468    0.5557   0.05116    0.2264   0.06909
   108/199     14.3G   0.02884   0.06513 0.0006029   0.09457       518       640    0.8795     0.781    0.8468    0.5558   0.05115    0.2264   0.06912
   109/199     14.3G   0.02887   0.06483 0.0006053    0.0943      1077       640    0.8772     0.783    0.8469     0.556   0.05115    0.2264   0.06915
   110/199     14.3G   0.02868   0.06478 0.0005976   0.09405       570       640    0.8784    0.7822    0.8469     0.556   0.05114    0.2265   0.06918
   111/199     14.3G   0.02879   0.06369 0.0005995   0.09308       971       640    0.8776    0.7828     0.847    0.5561   0.05114    0.2265    0.0692
   112/199     14.3G   0.02874   0.06389 0.0006025   0.09323      1121       640    0.8774    0.7831    0.8471    0.5562   0.05113    0.2266   0.06923
   113/199     14.3G   0.02871   0.06343 0.0005961   0.09274       328       640    0.8779    0.7828    0.8471    0.5563   0.05113    0.2267   0.06927
   114/199     14.3G   0.02871    0.0639 0.0005955    0.0932       773       640    0.8779    0.7827    0.8471    0.5564   0.05112    0.2269   0.06929
   115/199     14.3G   0.02858   0.06421 0.0005886   0.09338       705       640    0.8766    0.7839    0.8471    0.5564   0.05111    0.2269   0.06932
   116/199     14.3G   0.02861   0.06363 0.0005872   0.09283       540       640    0.8765    0.7841    0.8472    0.5565   0.05111     0.227   0.06935
   117/199     14.3G   0.02866   0.06357 0.0005969   0.09283       962       640    0.8764    0.7843    0.8473    0.5567    0.0511    0.2271   0.06937
   118/199     14.3G   0.02857    0.0631 0.0005892   0.09226       298       640     0.875    0.7855    0.8473    0.5568   0.05109    0.2272   0.06939
   119/199     14.3G   0.02856   0.06351 0.0005845   0.09266       373       640     0.874    0.7864    0.8473    0.5569   0.05108    0.2273   0.06942
   120/199     14.3G   0.02848   0.06372 0.0005874   0.09279       718       640    0.8764    0.7844    0.8473    0.5571   0.05107    0.2273   0.06946
   121/199     14.3G   0.02848   0.06335 0.0005874   0.09242       521       640    0.8758    0.7849    0.8474    0.5571   0.05107    0.2274   0.06949
   122/199     14.3G   0.02849    0.0636 0.0005862   0.09268       567       640    0.8761    0.7846    0.8473    0.5572   0.05106    0.2275   0.06952
   123/199     14.3G   0.02832   0.06313 0.0005744   0.09203       549       640    0.8764    0.7846    0.8474    0.5575   0.05106    0.2275   0.06955
   124/199     14.3G   0.02849   0.06351  0.000581   0.09258       462       640    0.8746    0.7863    0.8475    0.5575   0.05105    0.2276   0.06957
   125/199     14.3G   0.02844   0.06347 0.0005896    0.0925       857       640     0.875    0.7859    0.8476    0.5576   0.05105    0.2277   0.06959
   126/199     14.3G   0.02835   0.06331 0.0005824   0.09224       806       640    0.8768    0.7845    0.8477    0.5577   0.05105    0.2277   0.06962
   127/199     14.3G   0.02854   0.06401 0.0005881   0.09314       955       640    0.8693    0.7909    0.8477    0.5578   0.05104    0.2279   0.06965
   128/199     14.3G   0.02824   0.06276 0.0005806   0.09158       477       640    0.8704    0.7901    0.8478    0.5579   0.05103     0.228   0.06967
   129/199     14.3G   0.02834   0.06345 0.0005816   0.09238       915       640    0.8702    0.7903    0.8478     0.558   0.05102     0.228   0.06971
   130/199     14.3G   0.02823   0.06349 0.0005754   0.09229       873       640    0.8705    0.7903     0.848    0.5582   0.05102    0.2281   0.06973
   131/199     14.3G    0.0283   0.06301 0.0005801   0.09189       372       640    0.8704    0.7904     0.848    0.5582   0.05101    0.2282   0.06976
   132/199     14.3G    0.0282   0.06288 0.0005861   0.09167       562       640    0.8704    0.7905    0.8479    0.5583     0.051    0.2283   0.06978
   133/199     14.3G   0.02822    0.0629 0.0005788    0.0917       831       640    0.8713      0.79    0.8482    0.5584     0.051    0.2284   0.06981
   134/199     14.3G   0.02817   0.06258 0.0005698   0.09132       196       640    0.8718    0.7896    0.8481    0.5585   0.05099    0.2286   0.06984
   135/199     14.3G   0.02807    0.0627 0.0005692   0.09135       736       640    0.8706    0.7907    0.8481    0.5585   0.05098    0.2287   0.06986
   136/199     14.3G   0.02817   0.06299 0.0005782   0.09174       308       640    0.8724    0.7892    0.8481    0.5586   0.05097    0.2288   0.06988
   137/199     14.3G   0.02808   0.06269 0.0005727   0.09134       737       640    0.8738    0.7883    0.8483    0.5587   0.05096    0.2289    0.0699
   138/199     14.3G    0.0281   0.06245 0.0005739   0.09112       375       640    0.8717      0.79    0.8483    0.5588   0.05095     0.229   0.06993
   139/199     14.3G   0.02799   0.06257 0.0005753   0.09114       533       640    0.8715    0.7903    0.8484    0.5589   0.05095     0.229   0.06995
   140/199     14.3G   0.02815   0.06296 0.0005723   0.09169       422       640    0.8708     0.791    0.8484    0.5591   0.05095    0.2291   0.06999
   141/199     14.3G   0.02808   0.06261 0.0005701   0.09126       325       640    0.8713    0.7906    0.8485    0.5592   0.05095    0.2292   0.07002
   142/199     14.3G   0.02798   0.06279 0.0005688   0.09134       591       640    0.8745     0.788    0.8485    0.5593   0.05094    0.2292   0.07006
   143/199     14.3G   0.02793   0.06251  0.000569   0.09101       912       640    0.8738    0.7885    0.8485    0.5594   0.05094    0.2293   0.07008
   144/199     14.3G   0.02801   0.06258 0.0005724   0.09117       524       640    0.8747    0.7879    0.8485    0.5594   0.05093    0.2294   0.07011
   145/199     14.3G   0.02789   0.06253 0.0005606   0.09098       589       640    0.8743    0.7882    0.8485    0.5593   0.05092    0.2295   0.07014
   146/199     14.3G   0.02798   0.06288 0.0005696   0.09143      1183       640    0.8709    0.7911    0.8486    0.5594   0.05092    0.2296   0.07016
   147/199     14.3G   0.02791   0.06283 0.0005592    0.0913       783       640    0.8707    0.7913    0.8486    0.5595   0.05092    0.2297   0.07018
   148/199     14.3G   0.02796   0.06247 0.0005708     0.091       578       640    0.8759    0.7873    0.8487    0.5595   0.05091    0.2299   0.07021
   149/199     14.3G   0.02788   0.06207 0.0005687   0.09052       549       640    0.8699    0.7922    0.8487    0.5596    0.0509      0.23   0.07023
   150/199     14.3G   0.02788   0.06255 0.0005642   0.09099       276       640    0.8689    0.7931    0.8487    0.5597   0.05089    0.2301   0.07026
   151/199     14.3G   0.02787   0.06272 0.0005654   0.09116       774       640    0.8691    0.7931    0.8487    0.5598   0.05089    0.2302   0.07029
   152/199     14.3G   0.02776   0.06257  0.000563   0.09089       658       640    0.8691    0.7931    0.8488    0.5598   0.05089    0.2303   0.07032
   153/199     14.3G   0.02771   0.06203  0.000561    0.0903       612       640    0.8691    0.7932    0.8488    0.5599   0.05088    0.2304   0.07036
   154/199     14.3G   0.02771   0.06263 0.0005626    0.0909       356       640    0.8693    0.7931    0.8489    0.5599   0.05088    0.2305   0.07039
   155/199     14.3G   0.02763   0.06182 0.0005568      0.09       255       640    0.8698    0.7928    0.8489      0.56   0.05088    0.2306   0.07042
   156/199     14.3G    0.0276   0.06189   0.00056   0.09005       437       640    0.8703    0.7924     0.849    0.5601   0.05087    0.2308   0.07045
   157/199     14.3G   0.02764   0.06201 0.0005557    0.0902       475       640    0.8704    0.7924    0.8491    0.5602   0.05087    0.2309   0.07048
   158/199     14.3G   0.02778   0.06256 0.0005589   0.09089      1047       640    0.8701    0.7927    0.8491    0.5603   0.05086    0.2309    0.0705
   159/199     14.3G   0.02771    0.0628 0.0005609   0.09107       501       640    0.8701    0.7926    0.8491    0.5603   0.05086    0.2311   0.07053
   160/199     14.3G   0.02771   0.06202 0.0005634    0.0903       360       640     0.873    0.7903    0.8492    0.5604   0.05086    0.2312   0.07055
   161/199     14.3G    0.0277    0.0627 0.0005631   0.09096       867       640    0.8728    0.7905    0.8492    0.5605   0.05086    0.2313   0.07057
   162/199     14.3G   0.02747   0.06174 0.0005534   0.08976       549       640    0.8729    0.7906    0.8493    0.5606   0.05086    0.2314   0.07059
   163/199     14.3G   0.02754   0.06148  0.000558   0.08958       427       640     0.873    0.7907    0.8494    0.5606   0.05086    0.2316   0.07062
   164/199     14.3G   0.02756   0.06227  0.000552   0.09038      1000       640     0.873    0.7906    0.8495    0.5607   0.05086    0.2317   0.07064
   165/199     14.3G   0.02748    0.0622 0.0005525   0.09023       722       640    0.8725    0.7909    0.8495    0.5608   0.05085    0.2318   0.07068
   166/199     14.3G   0.02739   0.06125 0.0005549   0.08919       653       640    0.8725     0.791    0.8496    0.5608   0.05085    0.2319    0.0707
   167/199     14.3G   0.02741   0.06115 0.0005498   0.08911       318       640    0.8735    0.7903    0.8495    0.5608   0.05085    0.2321   0.07073
   168/199     14.3G    0.0274   0.06173 0.0005518   0.08968       829       640    0.8734    0.7904    0.8495    0.5608   0.05085    0.2322   0.07076
   169/199     14.3G    0.0274   0.06186 0.0005492   0.08981       791       640    0.8739    0.7901    0.8495    0.5608   0.05085    0.2323   0.07079
   170/199     14.3G    0.0274   0.06254 0.0005453   0.09049      1018       640    0.8751    0.7892    0.8495    0.5609   0.05085    0.2324   0.07082
   171/199     14.3G   0.02732   0.06153 0.0005473    0.0894       486       640    0.8753    0.7892    0.8495     0.561   0.05085    0.2325   0.07085
   172/199     14.3G   0.02736   0.06149  0.000551    0.0894       490       640    0.8753    0.7892    0.8495     0.561   0.05085    0.2326   0.07087
   173/199     14.3G   0.02732   0.06122 0.0005471   0.08909       464       640    0.8762    0.7885    0.8495    0.5611   0.05084    0.2328   0.07089
   174/199     14.3G   0.02732   0.06186 0.0005469   0.08973       538       640    0.8755     0.789    0.8494    0.5611   0.05084    0.2329   0.07091
   175/199     14.3G   0.02725   0.06086 0.0005488   0.08866      1163       640    0.8755    0.7891    0.8495    0.5612   0.05083    0.2331   0.07095
   176/199     14.3G   0.02732   0.06146 0.0005507   0.08933       518       640    0.8765    0.7883    0.8495    0.5612   0.05083    0.2333   0.07098
   177/199     14.3G   0.02724   0.06157 0.0005473   0.08936       494       640    0.8765    0.7883    0.8496    0.5613   0.05083    0.2334     0.071
   178/199     14.3G   0.02717   0.06107 0.0005497   0.08879       702       640    0.8762    0.7886    0.8496    0.5613   0.05082    0.2335   0.07102
   179/199     14.3G   0.02725   0.06188 0.0005466   0.08968       851       640    0.8767    0.7882    0.8496    0.5613   0.05082    0.2337   0.07105
   180/199     14.3G   0.02733   0.06106 0.0005469   0.08893       853       640     0.872     0.792    0.8495    0.5614   0.05082    0.2338   0.07107
   181/199     14.3G   0.02726   0.06142 0.0005491   0.08923       675       640     0.877     0.788    0.8495    0.5615   0.05082    0.2339    0.0711
   182/199     14.3G   0.02715   0.06134 0.0005397   0.08903      1063       640    0.8764    0.7886    0.8496    0.5616   0.05082     0.234   0.07113
   183/199     14.3G   0.02718   0.06108 0.0005423   0.08881       691       640    0.8745    0.7901    0.8495    0.5616   0.05082    0.2341   0.07116
   184/199     14.3G   0.02707   0.06131 0.0005375   0.08892       703       640    0.8738    0.7908    0.8496    0.5617   0.05081    0.2343   0.07118
   185/199     14.3G   0.02711    0.0611 0.0005437   0.08876       909       640    0.8764    0.7887    0.8496    0.5616   0.05081    0.2344    0.0712
   186/199     14.3G   0.02722    0.0609 0.0005469   0.08866       779       640    0.8754    0.7895    0.8496    0.5617   0.05081    0.2346   0.07123
   187/199     14.3G   0.02703   0.06128 0.0005407   0.08885       476       640     0.874    0.7907    0.8495    0.5617   0.05081    0.2348   0.07126
   188/199     14.3G   0.02707   0.06094 0.0005446   0.08855       518       640    0.8745    0.7902    0.8495    0.5617   0.05081    0.2349   0.07128
   189/199     14.3G   0.02709   0.06098 0.0005427   0.08862       461       640    0.8748    0.7899    0.8495    0.5618   0.05081     0.235   0.07132
   190/199     14.3G   0.02714   0.06097 0.0005464   0.08866       243       640     0.873    0.7914    0.8496    0.5619   0.05081    0.2352   0.07135
   191/199     14.3G   0.02694   0.06072 0.0005395    0.0882       282       640    0.8723    0.7919    0.8496    0.5619   0.05082    0.2353   0.07138
   192/199     14.3G    0.0271   0.06091 0.0005485   0.08856       558       640    0.8733    0.7909    0.8495    0.5619   0.05081    0.2355    0.0714
   193/199     14.3G   0.02696   0.06073 0.0005457   0.08824       828       640    0.8781     0.787    0.8495    0.5619   0.05081    0.2356   0.07143
   194/199     14.3G   0.02698    0.0601 0.0005366   0.08761      1022       640    0.8783    0.7868    0.8495     0.562   0.05082    0.2357   0.07146
   195/199     14.3G   0.02699    0.0607 0.0005391   0.08824       311       640    0.8718    0.7921    0.8494     0.562   0.05081    0.2359   0.07149
   196/199     14.3G   0.02704   0.06093 0.0005392    0.0885       553       640    0.8677    0.7955    0.8494     0.562   0.05081    0.2361   0.07152
   197/199     14.3G   0.02702   0.06083 0.0005393   0.08839       555       640    0.8763    0.7885    0.8494     0.562   0.05081    0.2362   0.07156
   198/199     14.3G   0.02702   0.06114 0.0005373   0.08869      1144       640    0.8762    0.7885    0.8494     0.562   0.05082    0.2363    0.0716
   199/199     14.3G     0.027   0.06091 0.0005392   0.08845      1354       640    0.8775    0.7875    0.8495    0.5621   0.05081    0.2365   0.07163
